=================================
# quCR Correlation Measurement 
=================================
#       Y    X=0    45   90  135 deg
          0   14033   8332    316   6503
          5   14167   8361    323   6350
         10   13688   8157    325   6208
         15   13385   8040    300   5877
         20   12712   7585    254   5451
         25   12149   7332    290   5199
         30   11070   7026    259   4681
         35   10112   6204    260   4181
         40    9106   5577    248   3735
         45    7801   5168    188   3085
         50    6715   4320    188   2557
         55    5325   3440    175   1997
         60    4272   2758    153   1525
         65    2966   2133    133   1064
         70    2055   1536    129    677
         75    1223    932    112    398
         80     641    516     89    173
         85     250    242     84     94
         90     195    129     93    149
         95     364    158     93    333
        100     827    314     80    568
        105    1512    666     95    916
        110    2435   1125    129   1445
        115    3526   1699    116   1826
        120    4756   2358    176   2399
        125    6021   2925    157   3011
        130    7037   3724    167   3503
        135    8364   4473    209   4079
        140    9428   5175    220   4542
        145   10547   5802    259   4920
        150   11434   6371    249   5304
        155   12296   6844    307   5639
        160   12884   7327    288   5936
        165   13562   7820    289   5972
        170   13961   8018    298   6150
        175   14021   8089    326   6135
        180   13957   8221    311   5901
        185   13778   8062    320   5827
        190   13113   7911    315   5637
        195   13001   7873    287   5528
        200   12183   7419    298   5081
        205   11400   7138    279   4642
        210   10256   6643    273   4341
        215    9503   5990    268   3755
        220    8241   5365    214   3326
        225    7075   4763    213   2818
        230    5991   4058    213   2336
        235    4768   3351    183   1837
        240    3759   2554    162   1419
        245    2721   1943    163   1005
        250    1817   1358    120    624
        255    1147    890    110    343
        260     625    539    103    201
        265     264    249     85    109
        270     192    123     74    133
        275     342    137     93    264
        280     715    328    105    538
        285    1343    610    103    829
        290    2226   1038    111   1278
        295    3165   1516    129   1692
        300    4097   2210    133   2260
        305    5289   2923    164   2772
        310    6587   3574    162   3391
        315    7597   4269    201   3834
        320    8960   4934    191   4402
        325    9815   5620    228   4862
        330   10972   6184    238   5310
        335   11643   6655    256   5595
        340   12579   7134    256   5869
        345   13084   7554    269   6324
        350   13607   7871    257   6293
        355   13798   8111    306   6455
        360   13807   8330    285   6432
