=================================
# quCR Correlation Measurement 
=================================
#       Y    X=0    45   90  135 deg
          0    8792   5032    468   3734
          5    8581   5481    527   3246
         10    8356   6015    688   2872
         15    8170   6456    815   2410
         20    7811   6629   1022   1925
         25    7079   6931   1333   1593
         30    6670   6761   1696   1247
         35    6046   6928   2092    894
         40    5274   6955   2561    644
         45    4614   6722   2868    529
         50    3781   6543   3384    520
         55    3118   6235   3738    553
         60    2458   5766   4235    670
         65    1842   5361   4570    885
         70    1312   4685   4831   1220
         75     883   4333   5230   1638
         80     532   3812   5358   2037
         85     345   3103   5587   2645
         90     316   2453   5543   3214
         95     431   1956   5622   3699
        100     675   1539   5341   4248
        105    1053   1170   5193   4758
        110    1527    842   4899   5143
        115    2140    652   4615   5627
        120    2683    536   4207   6117
        125    3644    562   3757   6130
        130    4214    635   3272   6367
        135    4975    839   2752   6554
        140    5736   1105   2389   6450
        145    6406   1495   1962   6332
        150    6972   1843   1611   6070
        155    7539   2344   1287   5741
        160    7967   3002    990   5292
        165    8210   3454    731   5010
        170    8688   4050    566   4519
        175    8418   4548    494   4104
        180    8515   4991    469   3626
        185    8461   5479    586   2986
        190    8343   5875    676   2615
        195    7911   6372    839   2197
        200    7398   6658   1145   1732
        205    6846   6829   1472   1372
        210    6177   6867   1781   1109
        215    5626   6948   2253    826
        220    4909   6729   2453    660
        225    4209   6471   2899    519
        230    3469   6197   3271    475
        235    2750   5821   3627    516
        240    2245   5494   4073    627
        245    1551   4883   4225    890
        250    1123   4370   4482   1156
        255     728   3743   4769   1400
        260     461   3221   4904   1843
        265     329   2699   4894   2249
        270     262   2138   4913   2746
        275     384   1697   4749   3195
        280     649   1284   4729   3687
        285     966    955   4408   4239
        290    1366    687   4313   4630
        295    1919    523   3877   5064
        300    2513    506   3525   5212
        305    3403    487   3256   5662
        310    3906    699   2713   5889
        315    4532    809   2429   5909
        320    5356   1153   2066   5835
        325    6060   1546   1688   5903
        330    6613   2003   1394   5635
        335    7182   2341   1096   5540
        340    7729   2827    853   5454
        345    7985   3554    646   5010
        350    8285   4141    529   4724
        355    8681   4500    510   4177
        360    8831   5034    452   3798
